{
  "colorLight": 1573056399,
  "colorDark": 1794894978,
  "fresnel": 0.658951474039232,
  "transitionWidth": 0.01913659134095414,
  "thickness": 1.9763956244040906,
  "size": 74.49490848254094
}
