{
  "colorLight": 285200094,
  "colorDark": -1744678604,
  "fresnel": 1.214748920391562,
  "transitionWidth": 0.014006138585545537,
  "thickness": 1.7763337045976644,
  "size": 68.54114452257267
}
