{
  "colorLight": 1572723397,
  "colorDark": 2109602501,
  "fresnel": 0.31607313888222777,
  "transitionWidth": 0.03367108202519033,
  "thickness": 1.745059173983247,
  "size": 101.43794894363403
}
