{
  "colorLight": -1139024250,
  "colorDark": -716248948,
  "fresnel": 1.7458768694306908,
  "transitionWidth": 0.030837029446958132,
  "thickness": 1.6288538200999205,
  "size": 87.33648903776111
}
