{
  "colorLight": -628978135,
  "colorDark": -628978135,
  "fresnel": 0.26305492244665724,
  "transitionWidth": 0.043536182328006545,
  "thickness": 0.09714935832361427,
  "size": 60.6768426958395
}
