{
  "colorLight": 331018663,
  "colorDark": 819770535,
  "fresnel": 0.5068633367487878,
  "transitionWidth": 0.016032746129218574,
  "thickness": 2.834508073810699,
  "size": 60.219667946133484
}
