{
  "colorLight": -182020679,
  "colorDark": 1906281884,
  "fresnel": 1.9471745246432681,
  "transitionWidth": 0.010550418777288764,
  "thickness": 1.6385992219728007,
  "size": 65.42195058142009
}
