{
  "colorLight": -1200694286,
  "colorDark": -25003008,
  "fresnel": 1.2262250388786096,
  "transitionWidth": 0.038602506572971124,
  "thickness": 1.8161753995602372,
  "size": 51.1048417393871
}
