{
  "colorLight": -1615024526,
  "colorDark": -1332630414,
  "fresnel": 1.6178610456514657,
  "transitionWidth": 0.03364095216260427,
  "thickness": 0.3596292402482144,
  "size": 98.5608581732273
}
