{
  "colorLight": 1690959789,
  "colorDark": -234940183,
  "fresnel": 0.6789614508177766,
  "transitionWidth": 0.024927531805760125,
  "thickness": 0.8410990062637314,
  "size": 108.4924611333852
}
