{
  "colorLight": -1763859946,
  "colorDark": -1763859946,
  "fresnel": 0.40442999818125813,
  "transitionWidth": 0.0329582625076717,
  "thickness": 1.2899622780817421,
  "size": 94.56315286607817
}
