{
  "colorLight": -727779518,
  "colorDark": -457246894,
  "fresnel": 0.5154489644581539,
  "transitionWidth": 0.046526564317122016,
  "thickness": 2.738095757873083,
  "size": 58.233029757225765
}
