{
  "colorLight": 1573056399,
  "colorDark": -2080839058,
  "fresnel": 1.6351041534640172,
  "transitionWidth": 0.02762878236357249,
  "thickness": 1.4760260162777994,
  "size": 104.22845793652365
}
