{
  "colorLight": -303974588,
  "colorDark": -206138840,
  "fresnel": 0.9545163698509902,
  "transitionWidth": 0.01117421008876347,
  "thickness": 1.046988142175852,
  "size": 84.21503605696766
}
